11058.5 kick 51 127;
50.7937 kick 51 0;
5553.92 kick 51 85;
58.0499 kick 51 0;
547.12 kick 51 67;
49.3424 kick 51 0;
2223.31 kick 51 57;
53.6961 kick 51 0;
2564.35 kick 51 109;
49.3424 kick 51 0;
2339.41 kick 51 127;
49.3424 kick 51 0;
2410.52 kick 51 110;
47.8912 kick 51 0;
1130.52 kick 51 23;
49.3424 kick 51 0;
551.474 kick 51 127;
47.8912 kick 51 0;
545.669 kick 51 127;
49.3424 kick 51 0;
1888.07 kick 51 127;
50.7937 kick 51 0;
267.029 kick 51 118;
53.6961 kick 51 0;
271.383 kick 51 127;
47.8912 kick 51 0;
1240.82 kick 51 127;
53.6961 kick 51 0;
2229.12 kick 51 74;
50.7937 kick 51 0;
3539.59 kick 51 74;
52.2449 kick 51 0;
2496.15 kick 51 127;
46.4399 kick 51 0;
2456.96 kick 51 105;
63.8549 kick 51 0;
2381.5 kick 51 124;
52.2449 kick 51 0;
2316.19 kick 51 39;
78.3673 kick 51 0;
2462.77 kick 51 110;
47.8912 kick 51 0;
2388.75 kick 51 115;
55.1474 kick 51 0;
2419.23 kick 51 127;
47.8912 kick 51 0;
1182.77 kick 51 117;
50.7937 kick 51 0;
1121.81 kick 51 101;
49.3424 kick 51 0;
2438.1 kick 51 125;
50.7937 kick 51 0;
1911.29 kick 51 35;
79.8186 kick 51 0;
1959.18 kick 51 127;
46.4399 kick 51 0;
3152.11 kick 51 119;
47.8912 kick 51 0;
2523.72 kick 51 119;
47.8912 kick 51 0;
2519.36 kick 51 112;
55.1474 kick 51 0;
2377.14 kick 51 125;
50.7937 kick 51 0;
1219.05 kick 51 92;
49.3424 kick 51 0;
1197.28 kick 51 102;
47.8912 kick 51 0;
2394.56 kick 51 127;
50.7937 kick 51 0;
1163.9 kick 51 84;
47.8912 kick 51 0;
1223.4 kick 51 127;
50.7937 kick 51 0;
1854.69 kick 47 102;
11.61 kick 51 127;
40.6349 kick 47 0;
5.80499 kick 51 0;
269.932 kick 51 127;
47.8912 kick 51 0;
226.395 kick 51 127;
52.2449 kick 51 0;
2120.27 kick 51 102;
50.7937 kick 51 0;
2410.52 kick 51 70;
50.7937 kick 51 0;
2470.02 kick 51 127;
50.7937 kick 51 0;
2513.56 kick 51 108;
47.8912 kick 51 0;
2499.05 kick 51 109;
49.3424 kick 51 0;
2390.2 kick 51 100;
50.7937 kick 51 0;
2243.63 kick 51 127;
52.2449 kick 51 0;
2279.91 kick 51 55;
55.1474 kick 51 0;
2398.91 kick 51 110;
52.2449 kick 51 0;
9675.46 kick 51 127;
63.8549 kick 51 0;
577.596 kick 51 127;
49.3424 kick 51 0;
1223.4 kick 51 122;
65.3061 kick 51 0;
606.621 kick 51 127;
52.2449 kick 51 0;
1287.26 kick 51 127;
50.7937 kick 51 0;
1227.76 kick 51 127;
47.8912 kick 51 0;
603.719 kick 51 98;
50.7937 kick 51 0;
1175.51 kick 51 118;
53.6961 kick 51 0;
552.925 kick 51 98;
53.6961 kick 51 0;
1187.12 kick 51 113;
50.7937 kick 51 0;
1192.93 kick 51 102;
49.3424 kick 51 0;
1811.16 kick 51 1;
117.551 kick 51 0;
1744.4 kick 51 34;
76.9161 kick 51 0;
4498.87 kick 51 127;
47.8912 kick 51 0;
513.742 kick 51 73;
53.6961 kick 51 0;
3076.64 kick 51 127;
49.3424 kick 51 0;
2426.49 kick 51 127;
52.2449 kick 51 0;
2520.82 kick 51 127;
49.3424 kick 51 0;
2374.24 kick 51 125;
46.4399 kick 51 0;
2515.01 kick 51 33;
63.8549 kick 51 0;
2095.6 kick 51 115;
50.7937 kick 51 0;
2356.83 kick 51 53;
46.4399 kick 51 0;
2352.47 kick 51 127;
46.4399 kick 51 0;
641.451 kick 51 127;
52.2449 kick 51 0;
1149.39 kick 51 127;
52.2449 kick 51 0;
267.029 kick 51 114;
52.2449 kick 51 0;
264.127 kick 51 127;
47.8912 kick 51 0;
1220.5 kick 51 106;
46.4399 kick 51 0;
1245.17 kick 51 127;
52.2449 kick 51 0;
1272.74 kick 51 104;
50.7937 kick 51 0;
1217.6 kick 51 103;
55.1474 kick 51 0;
1207.44 kick 51 105;
46.4399 kick 51 0;
1245.17 kick 51 102;
50.7937 kick 51 0;
5841.27 kick 51 39;
47.8912 kick 51 0;
2462.77 kick 51 127;
55.1474 kick 51 0;
586.304 kick 51 127;
47.8912 kick 51 0;
123.356 kick 51 109;
50.7937 kick 51 0;
101.587 kick 51 98;
46.4399 kick 51 0;
121.905 kick 51 47;
49.3424 kick 51 0;
