20810.9 hh 49 82;
52.2449 hh 49 0;
584.853 hh 49 84;
52.2449 hh 49 0;
1803.9 hh 50 37;
49.3424 hh 50 0;
670.476 hh 50 40;
49.3424 hh 50 0;
1606.53 hh 50 51;
53.6961 hh 50 0;
595.011 hh 50 35;
44.9887 hh 50 0;
638.549 hh 50 23;
50.7937 hh 50 0;
622.585 hh 50 21;
55.1474 hh 50 0;
622.585 hh 50 28;
47.8912 hh 50 0;
680.635 hh 50 47;
50.7937 hh 50 0;
580.499 hh 50 30;
47.8912 hh 50 0;
587.755 hh 50 50;
52.2449 hh 50 0;
631.292 hh 50 62;
43.5374 hh 50 0;
653.061 hh 50 37;
52.2449 hh 50 0;
1824.22 hh 50 60;
49.3424 hh 50 0;
573.243 hh 50 42;
47.8912 hh 50 0;
555.828 hh 50 81;
49.3424 hh 50 0;
1252.43 hh 50 70;
10.1587 hh 49 116;
37.7324 hh 50 0;
14.5125 hh 49 0;
1214.69 hh 49 96;
58.0499 hh 49 0;
233.651 hh 49 29;
49.3424 hh 49 0;
851.882 hh 50 15;
53.6961 hh 50 0;
637.097 hh 50 112;
49.3424 hh 50 0;
1480.27 hh 50 41;
46.4399 hh 50 0;
1991.11 hh 50 63;
52.2449 hh 50 0;
528.254 hh 50 32;
47.8912 hh 50 0;
1834.38 hh 50 35;
108.844 hh 50 0;
548.571 hh 50 29;
94.3311 hh 50 0;
583.401 hh 50 10;
52.2449 hh 50 0;
631.292 hh 50 17;
53.6961 hh 50 0;
608.073 hh 50 23;
50.7937 hh 50 0;
565.986 hh 50 11;
49.3424 hh 50 0;
1597.82 hh 50 47;
66.7574 hh 50 0;
2366.98 hh 50 20;
261.224 hh 50 0;
2361.18 hh 50 39;
53.6961 hh 50 0;
2374.24 hh 50 78;
111.746 hh 50 0;
513.742 hh 50 48;
87.0748 hh 50 0;
1774.88 hh 50 127;
52.2449 hh 50 0;
2269.75 hh 50 49;
63.8549 hh 50 0;
516.644 hh 50 89;
53.6961 hh 50 0;
1716.83 hh 50 102;
60.9524 hh 50 0;
262.676 hh 50 73;
49.3424 hh 50 0;
227.846 hh 50 69;
44.9887 hh 50 0;
265.578 hh 50 95;
49.3424 hh 50 0;
249.615 hh 50 59;
53.6961 hh 50 0;
253.968 hh 50 22;
50.7937 hh 50 0;
175.601 hh 50 68;
46.4399 hh 50 0;
81.2698 hh 50 60;
55.1474 hh 50 0;
82.7211 hh 50 10;
50.7937 hh 50 0;
259.773 hh 50 16;
50.7937 hh 50 0;
293.152 hh 50 87;
47.8912 hh 50 0;
4628.03 hh 50 33;
71.1111 hh 50 0;
2329.25 hh 50 23;
60.9524 hh 50 0;
2348.12 hh 50 29;
117.551 hh 50 0;
462.948 hh 50 56;
143.673 hh 50 0;
3046.17 hh 50 38;
52.2449 hh 50 0;
229.297 hh 50 13;
47.8912 hh 50 0;
240.907 hh 50 20;
49.3424 hh 50 0;
660.317 hh 50 51;
50.7937 hh 50 0;
1280 hh 50 127;
50.7937 hh 50 0;
2358.28 hh 50 83;
85.6236 hh 50 0;
312.018 hh 50 1;
50.7937 hh 50 0;
962.177 hh 50 25;
58.0499 hh 50 0;
610.975 hh 50 20;
88.5261 hh 50 0;
3519.27 hh 50 6;
52.2449 hh 50 0;
564.535 hh 50 26;
56.5986 hh 50 0;
1613.79 hh 50 18;
117.551 hh 50 0;
542.766 hh 50 7;
55.1474 hh 50 0;
1593.47 hh 50 44;
65.3061 hh 50 0;
891.066 hh 50 50;
142.222 hh 50 0;
448.435 hh 50 31;
97.2336 hh 50 0;
581.95 hh 50 37;
111.746 hh 50 0;
1986.76 hh 50 52;
50.7937 hh 50 0;
624.036 hh 50 113;
50.7937 hh 50 0;
6439.18 hh 50 91;
55.1474 hh 50 0;
2644.17 hh 50 35;
79.8186 hh 50 0;
2478.73 hh 50 27;
68.2086 hh 50 0;
3288.53 hh 50 71;
46.4399 hh 50 0;
522.449 hh 50 46;
56.5986 hh 50 0;
1824.22 hh 50 96;
52.2449 hh 50 0;
2499.05 hh 50 73;
76.9161 hh 50 0;
666.122 hh 50 65;
53.6961 hh 50 0;
1638.46 hh 50 104;
47.8912 hh 50 0;
1716.83 hh 50 90;
52.2449 hh 50 0;
310.567 hh 50 72;
49.3424 hh 50 0;
214.785 hh 50 79;
55.1474 hh 50 0;
568.889 hh 50 93;
47.8912 hh 50 0;
618.231 hh 50 37;
47.8912 hh 50 0;
1233.56 hh 50 127;
52.2449 hh 50 0;
1256.78 hh 50 99;
71.1111 hh 50 0;
1162.45 hh 50 80;
47.8912 hh 50 0;
1221.95 hh 50 86;
59.5011 hh 50 0;
1152.29 hh 50 113;
52.2449 hh 50 0;
1214.69 hh 50 112;
49.3424 hh 50 0;
1134.88 hh 50 110;
49.3424 hh 50 0;
1142.13 hh 50 90;
47.8912 hh 50 0;
626.939 hh 50 82;
50.7937 hh 50 0;
973.787 hh 50 65;
52.2449 hh 50 0;
1036.19 hh 50 109;
47.8912 hh 50 0;
632.744 hh 50 74;
50.7937 hh 50 0;
1124.72 hh 50 83;
84.1723 hh 50 0;
786.576 hh 50 56;
53.6961 hh 50 0;
663.22 hh 50 95;
49.3424 hh 50 0;
972.336 hh 50 96;
58.0499 hh 50 0;
892.517 hh 50 84;
50.7937 hh 50 0;
648.707 hh 50 72;
50.7937 hh 50 0;
4307.3 hh 50 30;
66.7574 hh 50 0;
2394.56 hh 50 43;
47.8912 hh 50 0;
2407.62 hh 50 124;
55.1474 hh 50 0;
2346.67 hh 50 4;
52.2449 hh 50 0;
1100.05 hh 50 3;
53.6961 hh 50 0;
1200.18 hh 50 18;
68.2086 hh 50 0;
2336.51 hh 50 32;
136.417 hh 50 0;
2320.54 hh 50 10;
113.197 hh 50 0;
509.388 hh 50 43;
139.32 hh 50 0;
445.533 hh 48 27;
159.637 hh 48 0;
2377.14 hh 50 25;
52.2449 hh 50 0;
1203.08 hh 50 3;
104.49 hh 50 0;
1277.1 hh 50 40;
49.3424 hh 50 0;
