11010.6 snap 48 28;
50.7937 snap 48 0;
4868.93 snap 48 23;
53.6961 snap 48 0;
4926.98 snap 48 39;
76.9161 snap 48 0;
4776.05 snap 48 60;
55.1474 snap 48 0;
2323.45 snap 48 120;
55.1474 snap 48 0;
1201.63 snap 48 42;
52.2449 snap 48 0;
3689.07 snap 48 35;
58.0499 snap 48 0;
2365.53 snap 48 117;
49.3424 snap 48 0;
2384.4 snap 48 36;
50.7937 snap 48 0;
4979.23 snap 48 127;
49.3424 snap 48 0;
4855.87 snap 48 57;
47.8912 snap 48 0;
2568.71 snap 48 127;
49.3424 snap 48 0;
2233.47 snap 48 69;
47.8912 snap 48 0;
7173.51 snap 48 21;
63.8549 snap 48 0;
2538.23 snap 48 118;
47.8912 snap 48 0;
2205.9 snap 48 68;
52.2449 snap 48 0;
2346.67 snap 48 111;
49.3424 snap 48 0;
515.193 snap 48 40;
50.7937 snap 48 0;
513.742 snap 48 66;
52.2449 snap 48 0;
269.932 snap 48 55;
50.7937 snap 48 0;
8211.16 snap 48 68;
63.8549 snap 48 0;
4992.29 snap 48 53;
89.9773 snap 48 0;
4755.74 snap 48 54;
84.1723 snap 48 0;
4906.67 snap 48 74;
107.392 snap 48 0;
4876.19 snap 48 71;
78.3673 snap 48 0;
4854.42 snap 48 2;
103.039 snap 48 0;
4728.16 snap 48 67;
55.1474 snap 48 0;
4783.31 snap 48 114;
53.6961 snap 48 0;
4764.44 snap 48 40;
95.7823 snap 48 0;
547.12 snap 48 115;
53.6961 snap 48 0;
1890.97 snap 48 127;
47.8912 snap 48 0;
2417.78 snap 48 35;
47.8912 snap 48 0;
2275.56 snap 48 80;
59.5011 snap 48 0;
2439.55 snap 48 15;
59.5011 snap 48 0;
564.535 snap 48 127;
49.3424 snap 48 0;
4262.31 snap 48 34;
76.9161 snap 48 0;
2393.11 snap 48 105;
52.2449 snap 48 0;
2306.03 snap 48 89;
50.7937 snap 48 0;
4890.7 snap 48 28;
63.8549 snap 48 0;
4729.61 snap 48 17;
91.4286 snap 48 0;
4867.48 snap 48 87;
65.3061 snap 48 0;
4799.27 snap 48 81;
60.9524 snap 48 0;
4854.42 snap 48 49;
68.2086 snap 48 0;
4832.65 snap 48 56;
56.5986 snap 48 0;
6131.52 snap 48 25;
62.4036 snap 48 0;
1219.05 snap 48 89;
60.9524 snap 48 0;
1195.83 snap 48 19;
98.6848 snap 48 0;
1100.05 snap 48 119;
50.7937 snap 48 0;
