49325 hats 50 15;
55.1474 hats 50 0;
110.295 hats 50 94;
49.3424 hats 50 0;
136.417 hats 50 105;
53.6961 hats 50 0;
114.649 hats 50 19;
52.2449 hats 50 0;
1850.34 hats 50 127;
52.2449 hats 50 0;
91.4286 hats 50 73;
49.3424 hats 50 0;
133.515 hats 50 88;
50.7937 hats 50 0;
1938.87 hats 50 127;
49.3424 hats 50 0;
56.5986 hats 50 91;
100.136 hats 50 0;
85.6236 hats 50 79;
49.3424 hats 50 0;
2098.5 hats 50 94;
49.3424 hats 50 0;
1114.56 hats 50 90;
50.7937 hats 50 0;
1120.36 hats 46 4;
11.61 hats 50 108;
39.1837 hats 46 0;
13.0612 hats 50 0;
94.3311 hats 50 119;
47.8912 hats 50 0;
89.9773 hats 50 127;
53.6961 hats 50 0;
120.454 hats 50 100;
49.3424 hats 50 0;
1921.45 hats 50 113;
50.7937 hats 50 0;
62.4036 hats 50 98;
53.6961 hats 50 0;
97.2336 hats 50 104;
49.3424 hats 50 0;
1124.72 hats 50 100;
53.6961 hats 50 0;
1256.78 hats 50 118;
50.7937 hats 50 0;
1227.76 hats 50 76;
47.8912 hats 50 0;
1194.38 hats 50 12;
50.7937 hats 50 0;
1190.02 hats 50 42;
52.2449 hats 50 0;
5800.63 hats 50 127;
47.8912 hats 50 0;
78.3673 hats 50 88;
49.3424 hats 50 0;
137.868 hats 50 92;
47.8912 hats 50 0;
3445.26 hats 50 126;
50.7937 hats 50 0;
87.0748 hats 50 123;
50.7937 hats 50 0;
69.6599 hats 50 127;
53.6961 hats 50 0;
88.5261 hats 50 111;
49.3424 hats 50 0;
78.3673 hats 50 127;
49.3424 hats 50 0;
104.49 hats 50 110;
49.3424 hats 50 0;
81.2698 hats 50 115;
55.1474 hats 50 0;
87.0748 hats 50 101;
49.3424 hats 50 0;
9150.11 hats 50 127;
50.7937 hats 50 0;
561.633 hats 50 96;
50.7937 hats 50 0;
2391.66 hats 50 127;
52.2449 hats 50 0;
87.0748 hats 50 103;
52.2449 hats 50 0;
124.807 hats 50 105;
46.4399 hats 50 0;
2117.37 hats 50 127;
44.9887 hats 50 0;
120.454 hats 50 89;
49.3424 hats 50 0;
113.197 hats 50 108;
49.3424 hats 50 0;
4249.25 hats 50 127;
46.4399 hats 50 0;
95.7823 hats 50 107;
46.4399 hats 50 0;
117.551 hats 50 118;
52.2449 hats 50 0;
306.213 hats 50 127;
49.3424 hats 50 0;
19364 hats 50 112;
47.8912 hats 50 0;
136.417 hats 50 118;
53.6961 hats 50 0;
43.5374 hats 50 127;
50.7937 hats 50 0;
107.392 hats 50 110;
52.2449 hats 50 0;
245.261 hats 50 127;
49.3424 hats 50 0;
1502.04 hats 50 127;
52.2449 hats 50 0;
95.7823 hats 50 98;
49.3424 hats 50 0;
95.7823 hats 50 127;
47.8912 hats 50 0;
352.653 hats 50 117;
49.3424 hats 50 0;
1801 hats 50 127;
47.8912 hats 50 0;
59.5011 hats 50 114;
47.8912 hats 50 0;
17.415 hats 50 125;
49.3424 hats 50 0;
69.6599 hats 50 127;
53.6961 hats 50 0;
1005.71 hats 50 127;
111.746 hats 50 0;
63.8549 hats 50 124;
47.8912 hats 50 0;
1995.46 hats 50 127;
53.6961 hats 50 0;
52.2449 hats 50 94;
47.8912 hats 50 0;
87.0748 hats 50 127;
52.2449 hats 50 0;
104.49 hats 50 58;
55.1474 hats 50 0;
98.6848 hats 50 127;
52.2449 hats 50 0;
88.5261 hats 50 99;
49.3424 hats 50 0;
75.4649 hats 50 120;
50.7937 hats 50 0;
132.063 hats 50 70;
50.7937 hats 50 0;
37613.4 hats 50 93;
47.8912 hats 50 0;
1293.06 hats 50 78;
50.7937 hats 50 0;
